[Variables]
Mass001 = 1.007947
Mass002 = 4.002602
Mass003 = 6.941
Mass004 = 9.012182
Mass005 = 10.81
Mass006 = 12.011
Mass007 = 14.007
Mass008 = 15.999
Mass009 = 18.9984032
Mass010 = 20.1797
Mass011 = 22.98976928
Mass012 = 24.3050
Mass013 = 26.9815386
Mass014 = 28.085
Mass015 = 30.973762
Mass016 = 32.066
Mass017 = 35.45
Mass018 = 39.948
Mass019 = 39.0983
Mass020 = 40.078
Mass021 = 44.955912
Mass022 = 47.867
Mass023 = 50.9415
Mass024 = 51.9961
Mass025 = 54.938045
Mass026 = 55.845
Mass027 = 58.933195
Mass028 = 58.6934
Mass029 = 63.546
Mass030 = 65.38
Mass031 = 69.723
Mass032 = 72.63
Mass033 = 74.92160
Mass034 = 78.96
Mass035 = 79.904
Mass036 = 83.798
Mass037 = 85.4678
Mass038 = 87.62
Mass039 = 88.90585
Mass040 = 91.224
Mass041 = 92.90638
Mass042 = 95.96
Mass043 = 98
Mass044 = 101.07
Mass045 = 102.90550
Mass046 = 106.42
Mass047 = 107.8682
Mass048 = 112.411
Mass049 = 114.818
Mass050 = 118.710
Mass051 = 121.760
Mass052 = 127.60
Mass053 = 126.90447
Mass054 = 131.293
Mass055 = 132.9054519
Mass056 = 137.327
Mass057 = 138.90547
Mass058 = 140.116
Mass059 = 140.90765
Mass060 = 144.242
Mass061 = 145
Mass062 = 150.36
Mass063 = 151.964
Mass064 = 157.25
Mass065 = 158.92535
Mass066 = 162.500
Mass067 = 164.93032
Mass068 = 167.259
Mass069 = 168.93421
Mass070 = 173.054
Mass071 = 174.9668
Mass072 = 178.49
Mass073 = 180.94788
Mass074 = 183.84
Mass075 = 186.207
Mass076 = 190.23
Mass077 = 192.217
Mass078 = 195.084
Mass079 = 196.966569
Mass080 = 200.59
Mass081 = 204.38
Mass082 = 207.2
Mass083 = 208.98040
Mass084 = 209
Mass085 = 210
Mass086 = 222
Mass087 = 223
Mass088 = (226)
Mass089 = (227)
Mass090 = 232.03806
Mass091 = 231.03588
Mass092 = 238.02891
Mass093 = (237)
Mass094 = (244)
Mass095 = (243)
Mass096 = (247)
Mass097 = (247)
Mass098 = (251
Mass099 = (252)
Mass100 = (257)
Mass101 = (258)
Mass102 = (259)
Mass103 = (262)
Mass104 = (267)
Mass105 = (268)
Mass106 = (269)
Mass107 = (270)
Mass108 = (269)
Mass109 = (278)
Mass110 = (281)
Mass111 = (281)
Mass112 = (285)
Mass113 = (286)
Mass114 = (289)
Mass115 = (288)
Mass116 = (293)
Mass117 = (294)
Mass118 = (294)